24.06629908425935
23.229339212186368
22.92649947513128
23.004293876431856
22.959511397183796
22.938368361354705
23.64567516764657
23.54345657146623
24.110029792517306
22.94764251096037
23.769655046595485
22.959511397183796
23.83644151882512
23.708616540102103
24.27082059618084
22.938368361354705
24.120433905201338
24.22652677338538
22.96528451412074
23.339298301789402
22.933737365607616
22.959511397183796
24.233691471421388
23.83644151882512
24.233691471421388
23.145646752615257
23.64567516764657
23.004293876431856
24.004916102338715
24.120433905201338
22.954880401436707
